time,x,y,z,phi,theta,psi,x_velocity,y_velocity,z_velocity,phi_velocity,theta_velocity,psi_velocity,rotor_speed1,rotor_speed2,rotor_speed3,rotor_speed4
0.06,-1.07498079032e-07,-7.83786488154e-08,10.0025101325,6.28304035213,0.000121522285939,0.0,-9.91337347867e-06,-9.33252940526e-06,0.0836679309858,-0.0077484167777,0.0057964100257,0.0,431.1289832884424,431.6183241291532,432.32683948752947,431.6736532883301
0.12000000000000001,-4.61508920169e-06,-5.6658265772e-06,10.0113305742,6.2824656273,0.000173378339111,0.0,-0.000164149650499,-0.000231698949102,0.210331153189,-0.0135167076838,-0.0114913375903,0.0,446.10670250198046,444.6930880479165,445.4248991753325,444.95312497707806
0.18,-1.52954381667e-05,-3.67886547998e-05,10.026049051,6.28130464515,6.28237506166,0.0,-0.000112642737713,-0.00089823024725,0.280269504388,-0.0347832332681,-0.0286518020705,0.0,428.5197339152996,427.05879094160525,427.74292094363256,425.9282753989489
0.23999999999999996,3.73686132529e-06,-0.000142750346057,10.0481293623,6.27898633068,6.28073761306,0.0,0.000936791089051,-0.00288141119624,0.455685796578,-0.0477477068785,-0.0246993979924,0.0,460.60005618963146,460.9123227533721,460.38663029621307,459.3591585453381
0.3,0.00011131727937,-0.000404972070524,10.076710951,6.27617837148,6.27934535825,0.0,0.00278314274222,-0.00612386345882,0.49701465935,-0.0449675660738,-0.0203704529788,0.0,417.35672385298005,417.73423367654163,418.5381394361365,418.7785389615409
0.36000000000000004,0.000384266326854,-0.00096863559607,10.1150466548,6.27367152613,6.27845776537,0.0,0.00644846667336,-0.0129991829188,0.780688628573,-0.0360686843335,-0.00548547061976,0.0,491.1481940901623,492.2508635167099,492.06390534153235,492.7213654086601
0.4200000000000001,0.000891831351302,-0.00199968821568,10.1695550202,6.27112999733,6.27855751186,0.0,0.0104801783275,-0.0216556770491,1.03605762465,-0.0595159409275,0.0130852171861,0.0,483.7688598876542,485.16497811453206,485.125539380862,483.3610265166058
0.48000000000000015,0.00161326388524,-0.00356200062597,10.2347315321,6.26733750937,6.27939277019,0.0,0.0134843998745,-0.0307946404021,1.13639328773,-0.0718579841851,0.0155421252682,0.0,437.61370457247153,437.81803583495883,439.0378580366931,438.00973969653063
0.5400000000000001,0.00250193148356,-0.00577535333299,10.3072252357,6.26307840675,6.28021068851,0.0,0.016042044021,-0.0434459467129,1.27990563652,-0.0692948328327,0.0095083929588,0.0,451.5740514628688,451.0870093746989,452.2178646688118,452.4204890015198
0.6000000000000002,0.00352523888558,-0.00882772503769,10.3876984944,6.25869105505,6.28115528074,0.0,0.0179856018262,-0.0587453937666,1.40238395284,-0.0821502774715,0.0259575762679,0.0,444.2769379198632,445.62336565655534,446.8918964947557,445.8386987582075
0.6600000000000003,0.00463826051809,-0.0128509096383,10.4737944246,6.25361680768,6.28298480087,0.0,0.0189497109906,-0.0758425230444,1.46738585054,-0.0899101695803,0.0382916446907,0.0,426.8366009400324,427.888156319224,428.3701746518012,427.70365538147473
0.7200000000000003,0.00577059073602,-0.0180032366389,10.5638560233,6.24798035252,0.00231758982442,0.0,0.01855977934,-0.096433386871,1.53456146497,-0.103544766206,0.0484582722862,0.0,427.91544155518096,428.78094843074535,429.47705996504607,428.31120612549904
0.7800000000000004,0.00680894239492,-0.0247413918488,10.6644836173,6.2424981173,0.0054678062164,0.0,0.0156598144327,-0.128903927924,1.8192523109,-0.0742084600661,0.0595638016547,0.0,495.37643591249673,496.19378005967235,491.99263125976194,494.1531543275766
0.8400000000000004,0.00761381096859,-0.0333883582853,10.7779500787,6.23783280683,0.0089106013015,0.0,0.010789427181,-0.159811682985,1.96270195204,-0.0860031525489,0.0526112675202,0.0,454.1203337486247,453.56452401680724,454.39057779496085,453.43937720168793
0.9000000000000005,0.0081013990225,-0.0437542411585,10.8948262712,6.23298944906,0.0124138532828,0.0,0.00518526033489,-0.186133302323,1.9331967366,-0.0718393877088,0.0679699326104,0.0,397.3218350198924,398.7301269007205,397.12447351516283,398.41528823299586
0.9600000000000005,0.0080751923766,-0.0562278824108,11.0187357273,6.22828116096,0.0160846338463,0.0,-0.00654914429446,-0.23019324257,2.19660971718,-0.0970013196195,0.0419758213928,0.0,490.97053590649637,489.04043704752684,490.56951857033584,488.6931130742133
1.0200000000000005,0.00728400246785,-0.0713848813882,11.1568722452,6.22238745068,0.0188996609458,0.0,-0.0201346804507,-0.275709899841,2.40746934526,-0.100801229843,0.0553142761788,0.0,474.6300429027738,475.6537247676905,476.3880737908228,476.08985619813114
1.0800000000000005,0.00569125001468,-0.0891472022631,11.3033235118,6.21611254319,0.0224228071829,0.0,-0.0332874717255,-0.31695553762,2.4740455787,-0.113474119706,0.0647794620773,0.0,432.16341127906566,432.9629605684472,432.66989929981276,431.5916599961661
1.1400000000000006,0.0031585393224,-0.109741620162,11.4571849076,6.21095729374,0.0263776584346,0.0,-0.0515741012406,-0.370148652486,2.65420003094,-0.0572165784287,0.0680911599294,0.0,468.4500607069047,468.71047353347853,465.2421180731705,469.6187515281203
1.2000000000000006,-0.0004844066761,-0.133423078535,11.6189350638,6.20762409606,0.0304371953295,0.0,-0.0702579772167,-0.419556251964,2.73722906619,-0.0524197648204,0.0667806599624,0.0,439.6329231153958,439.52781772500197,438.31274661958224,438.70907285592693
1.2600000000000007,-0.00540925528495,-0.16032792773,11.7881801025,6.2043520064,0.0346930151902,0.0,-0.0943548813491,-0.477600164597,2.90380642233,-0.0591394886154,0.0781486957799,0.0,465.0764468315817,465.9695475646197,465.54247998985136,465.01454321642666
1.3200000000000007,-0.0118662664285,-0.190762263856,11.9670451465,6.20102385763,0.0394432163976,0.0,-0.121384650254,-0.537223869844,3.05789480152,-0.0489896691079,0.0811370352339,0.0,462.2744628677322,462.514629776867,462.42593269107664,463.2228016171841
1.3800000000000008,-0.0198735334321,-0.224480941314,12.1507374139,6.19820571346,0.0438686587843,0.0,-0.14594071261,-0.586986238945,3.06510647573,-0.0432077357622,0.0518714323303,0.0,419.13222107419614,416.5852697820498,415.5560346844045,416.0610765883319
1.4400000000000008,-0.0295392985929,-0.261449692422,12.3373589159,6.19585760136,0.0467603140219,0.0,-0.176543865565,-0.64553457775,3.15530917288,-0.0320327367232,0.0395845665633,0.0,444.84358673630936,443.83769656338825,443.2258982410488,444.1425912836903
1.5000000000000009,-0.0411122801307,-0.302004858812,12.5296913554,6.19367585057,0.0492340883485,0.0,-0.209456486232,-0.706490876498,3.25543805922,-0.0468491058243,0.0443309808102,0.0,447.9500002411438,448.3366967498442,447.9991673717361,446.7921553077758
1.560000000000001,-0.05451586994,-0.345911809223,12.724088842,6.19064734841,0.0520313959687,0.0,-0.237560316379,-0.757326843029,3.22451149981,-0.0589427443423,0.0508480604915,0.0,404.4795106819082,405.0675501502947,406.6304215005082,405.5436173252595
1.620000000000001,-0.0697414901212,-0.393078124369,12.9182815072,6.18684842512,0.0547990687957,0.0,-0.270223163723,-0.815212647189,3.24843673945,-0.0739269306027,0.0344502203212,0.0,423.38474786599744,421.9728492814743,425.826295619037,424.53929552394
1.680000000000001,-0.0870875747478,-0.443989444094,13.1159320517,6.18277723846,0.0568245746335,0.0,-0.308171180427,-0.882236110109,3.33956377371,-0.0578617675672,0.0323379637573,0.0,445.51339478422483,445.3411069121834,445.8059253060182,447.1131796747611
1.740000000000001,-0.106792360298,-0.499074510754,13.3197397147,6.17884944476,0.0582681237343,0.0,-0.348822328407,-0.954280705822,3.45359725283,-0.0884555019048,-0.00276466634072,0.0,455.44661126764885,452.6303595395225,454.8583200716748,452.39807155691403
1.8000000000000012,-0.128905528002,-0.558478313258,13.5294693702,6.1734270213,0.0583064352789,0.0,-0.388262198705,-1.02635843059,3.53703436574,-0.0945130713084,0.00669905767143,0.0,445.1791602350848,445.9528852953924,445.0556515621235,444.5526977012547
1.8600000000000012,-0.153429454445,-0.622397750389,13.744894996,6.16768165182,0.0585327612163,0.0,-0.429215121091,-1.10484504057,3.64336473735,-0.0983639583032,-0.00284059461939,0.0,453.9730392781726,453.20683246118523,452.827353761968,452.50981586301566
1.9200000000000013,-0.180456764558,-0.691233414415,13.9674034675,6.16136910836,0.0589253925526,0.0,-0.471686601066,-1.19027655109,3.7730240631,-0.124636056368,0.0206967614502,0.0,461.06161922006777,462.9175278895942,461.60361111879354,459.515889526215
1.9800000000000013,-0.209826269179,-0.764882471455,14.1939787627,6.15365810931,0.0605041671845,0.0,-0.507421900184,-1.26536182563,3.77931201891,-0.137688281339,0.0356744079739,0.0,423.88820296352134,425.1736357044255,422.4016164685338,421.2581959143074
2.0400000000000014,-0.241464868696,-0.843379018386,14.4224275503,6.14540937836,0.0622246233442,0.0,-0.547376880611,-1.35195561411,3.83526648179,-0.137063708351,0.00854178852433,0.0,441.0175752630677,438.77083210161754,439.77944649451155,439.81346022698915
2.1000000000000014,-0.275556858436,-0.927293886221,14.6546432307,6.13742175844,0.0631178958809,0.0,-0.589078194517,-1.44596657158,3.90481676778,-0.126238110522,0.0252525940989,0.0,443.79616546404935,445.16569083387304,445.10575098788314,445.97454328430666
2.1600000000000015,-0.312115324024,-1.01687543853,14.8901102273,6.12957363276,0.0646833983777,0.0,-0.629672015297,-1.5407850137,3.94374078996,-0.141985119538,0.0277190122422,0.0,436.12991596152574,436.3360369799308,436.6886741151976,435.35673888599734
2.2200000000000015,-0.351358216103,-1.11281656352,15.1311833588,6.12084814297,0.066737502448,0.0,-0.678594283421,-1.65810903462,4.09122327166,-0.153376470589,0.0448261140312,0.0,470.1024164596747,471.4266218725295,471.3464078618231,470.44656318750117
2.2800000000000016,-0.393359352991,-1.21544387903,15.3777323829,6.11173752567,0.0689917987521,0.0,-0.721669314426,-1.76362685798,4.12666914799,-0.148945283079,0.0162726620958,0.0,438.29503755859986,435.9158826656042,437.77431098782847,438.12080251219123
2.3400000000000016,-0.438097923707,-1.32486269819,15.6280128954,6.10270127393,0.0700123878535,0.0,-0.76969151382,-1.88451170485,4.21537752609,-0.154142811533,0.0184447331876,0.0,455.25736983982466,455.4310603463094,455.64041507670964,455.20388775642886
2.4000000000000017,-0.485765140036,-1.44178794019,15.8839234063,6.09334314196,0.0708019924176,0.0,-0.819285681523,-2.01387287331,4.31425187861,-0.159891391962,-0.000354017937362,0.0,460.692868650186,459.2038022017381,460.1201591310621,459.64262061467457
2.4600000000000017,-0.53649603022,-1.56687257191,16.1467456665,6.0838158376,0.0713198093128,0.0,-0.871733384959,-2.15653069276,4.44558662144,-0.156671655914,0.0223164614555,0.0,471.17267450149365,472.92220636476054,470.61627990298706,470.8430708830203
2.520000000000002,-0.590267535211,-1.70038293753,16.4157093741,6.07433757279,0.072601703913,0.0,-0.920753510388,-2.29467607967,4.51917731919,-0.160701744142,0.0193906569189,0.0,455.26842700196505,455.0342278857162,455.9246971072474,455.5795500310847
2.580000000000002,-0.647155102404,-1.84280218461,16.6910267516,6.06457590888,0.0738242806092,0.0,-0.975578976736,-2.45354305879,4.6570280135,-0.167005122368,0.0222778932837,0.0,476.6129016489382,476.8334911882415,476.95589475806366,476.45088968041387
2.640000000000002,-0.706943110973,-1.99374200097,16.9690582181,6.05435328533,0.074882558646,0.0,-1.0174636992,-2.57863811484,4.6104809698,-0.178144300693,0.00620629881305,0.0,420.9841984151777,419.5909795841413,419.76180088820314,418.76394898553644
2.700000000000002,-0.769787955711,-2.15396717117,17.2510878066,6.04523413037,0.0752900191442,0.0,-1.07734006331,-2.76310265761,4.78918352809,-0.124077336935,0.00793555417911,0.0,491.1438943970484,491.2720343574143,489.95622781234977,493.938305281656
2.760000000000002,-0.835861287134,-2.32428612027,17.5389330844,6.03782803045,0.0765776351811,0.0,-1.12517984294,-2.91484687661,4.80515988003,-0.122181545473,0.039961156517,0.0,442.5927432300479,445.22121184365517,443.9001641535774,444.0419021505113
2.820000000000002,-0.905139556803,-2.50481522592,17.8315047998,6.03004195385,0.0787560240454,0.0,-1.18428646479,-3.10342602717,4.9460452964,-0.152659828496,0.0277579341714,0.0,484.87800031611107,483.9606921642877,484.84247675678535,482.5321944763413
2.880000000000002,-0.977677815241,-2.69578431367,18.1283834545,6.0209025921,0.0807881387849,0.0,-1.23380985962,-3.26299773471,4.94934876978,-0.151657645652,0.0439128499123,0.0,442.8261174946453,444.15372425847625,443.49771863322707,443.55812030288087
2.940000000000002,-1.05326956168,-2.89663127677,18.4258806869,6.01176558582,0.0830963094201,0.0,-1.28612347986,-3.43268160221,4.96654753916,-0.153563691813,0.0244192797171,0.0,449.89605418793104,448.3153202616785,449.5981361343138,449.42207465581475
3.000000000000002,-1.13209995628,-3.10802851796,18.7250243287,6.00273005686,0.0845524001442,0.0,-1.34166327002,-3.61467121285,5.00408893067,-0.145234177507,0.0239642883295,0.0,457.5884650336479,457.5522955577285,456.80707855853893,457.45023881333424
3.0600000000000023,-1.21410626705,-3.32991658028,19.0242446361,5.9943663696,0.0860930493386,0.0,-1.39200509387,-3.78233784292,4.96948481009,-0.129730897187,0.0289003931126,0.0,434.8770577169788,435.2905485907119,435.19263044016037,436.46999265999574
3.1200000000000023,-1.29950946208,-3.5631638196,19.3251638418,5.9865294924,0.0873513181578,0.0,-1.45487109637,-3.99320518415,5.06000444405,-0.132441360734,-0.00379332092912,0.0,477.8227316918043,475.3233373713299,476.99929228194145,476.77784173759204
3.1800000000000024,-1.38833231335,-3.80798973625,19.6273664926,5.97856913052,0.087053055399,0.0,-1.50587344378,-4.16837081074,5.01302161879,-0.133138920181,-0.00743726495614,0.0,434.49210351281556,434.18651657053243,435.2083110631985,435.13330690404973
3.2400000000000024,-1.48003503982,-4.06286333262,19.9247477043,5.97034530403,0.086750746995,0.0,-1.55089322466,-4.32817503482,4.89963452931,-0.146360127652,-0.000627172274705,0.0,411.9003035535473,412.5023536472875,413.4766158943493,412.2907656972971
3.3000000000000025,-1.57498056702,-4.32939213522,20.2211836597,5.962062049,0.0873819125977,0.0,-1.61393198757,-4.55680716539,4.98032748465,-0.125192535475,0.0266243394473,0.0,476.7899624684759,478.867773771112,476.0966028938783,477.69715428394727
3.3600000000000025,-1.67334836885,-4.60845103725,20.5182653043,5.95447102095,0.0889658126138,0.0,-1.665128495,-4.74584881678,4.9219491565,-0.129304384478,0.0259425128064,0.0,434.8845202389667,434.82755412800043,434.79417101788414,434.434465276776
3.4200000000000026,-1.7746830637,-4.89851738027,20.810360248,5.94645152605,0.0904527600406,0.0,-1.71283523392,-4.92378404173,4.81434641031,-0.144205280574,0.0223554318107,0.0,418.34680969937034,418.0344104412947,419.7123296385527,418.3988943871328
3.4800000000000026,-1.87921409476,-5.20053572499,21.0991351629,5.93840815756,0.0917098397057,0.0,-1.77162063518,-5.14420414973,4.81060353212,-0.119049875709,0.0179841506227,0.0,455.26116716515094,454.91117688370696,453.3425013449266,455.34311778947017
3.5400000000000027,-1.98705421804,-5.51505153438,21.3851133697,5.9309938851,0.0933415132788,0.0,-1.82317454061,-5.34037124742,4.72163588928,-0.134624802662,0.0411435862723,0.0,426.138896058499,428.1146976067754,428.97081873315966,427.631180085367
3.6000000000000028,-2.09882750756,-5.8444526579,21.6737158411,5.92437708533,0.0967164227888,0.0,-1.90282190383,-5.64008645656,4.89639806221,-0.0834480897018,0.0762053403328,0.0,512.365647677834,514.8542828012638,510.42027048435,514.0497104194063
3.660000000000003,-2.21461614477,-6.1889386165,21.9645200745,5.91955350503,0.101369024209,0.0,-1.95716838467,-5.84336679631,4.79675326159,-0.0748959082989,0.0800919561494,0.0,429.2563503358857,429.59112917049555,428.9463561768981,429.66671631174205
3.720000000000003,-2.33400799818,-6.54666372961,22.2517026431,5.91490683465,0.106565483162,0.0,-2.02297124571,-6.08125351068,4.77515926999,-0.0830992289509,0.0971940549002,0.0,455.50541633118854,456.87722261527557,457.6574542315116,456.9992839487006
3.780000000000003,-2.45739700984,-6.91862329999,22.5370730479,5.90952220398,0.112152526091,0.0,-2.09045853307,-6.31791289803,4.7363668072,-0.108322900933,0.0833806854128,0.0,454.0334666079403,452.9306585341332,453.4876436635605,451.44952913858083
3.840000000000003,-2.58526597139,-7.30599534492,22.8227417968,5.90306537788,0.117963238579,0.0,-2.17228513674,-6.59495919183,4.78440572006,-0.106233096382,0.115279230061,0.0,481.7247130924995,484.1381230216431,483.1752194945455,483.3236254833826
3.900000000000003,-2.71746447372,-7.7079674066,23.1057025609,5.8963318374,0.124516903416,0.0,-2.23484173945,-6.80485731583,4.64724521979,-0.128229227601,0.0930021366099,0.0,425.9096006634167,424.0103296704512,424.52595773378823,422.6215351028634
3.960000000000003,-2.8540763719,-8.12438086515,23.3844848522,5.88882120011,0.130221500316,0.0,-2.31932089432,-7.07620184362,4.6441089098,-0.119687264958,0.0989298018032,0.0,471.60778015648884,472.07261329228004,470.0367079446412,470.68505091366956
4.020000000000002,-2.99568770816,-8.55673408075,23.6616907175,5.88149886394,0.135801816899,0.0,-2.40149431066,-7.33622577631,4.59495414399,-0.127208732947,0.0772498006051,0.0,460.18105830162335,458.46805974915776,458.9279442765714,458.3173717102744
4.080000000000001,-3.14208288822,-9.00417749581,23.9341993235,5.87372352275,0.140274657909,0.0,-2.47868335724,-7.57933752073,4.48786193328,-0.134827961674,0.0685091003729,0.0,442.9086878565458,442.1933658779144,441.2750978519788,440.629923617207
4.14,-3.29322115644,-9.46649549661,24.2004069782,5.86577312262,0.145471667483,0.0,-2.55960656239,-7.83205379579,4.38479580667,-0.128231485314,0.109090960185,0.0,443.13763813146153,446.4676369228556,445.18227870020286,445.70573923685816
4.199999999999998,-3.44946137763,-9.944588481,24.4612567727,5.85789534175,0.151911193443,0.0,-2.64887083294,-8.10509505235,4.30896940819,-0.138256353414,0.103540867366,0.0,456.198386150918,455.76465666026684,457.96389315331055,457.15020701622444
4.259999999999997,-3.61067556574,-10.4379391164,24.7145049724,5.84929612896,0.157879559595,0.0,-2.7253753921,-8.34085979762,4.13202838412,-0.156081535674,0.0897616111576,0.0,424.92828616765473,423.7539750530237,424.1111573881255,422.55625150432434
4.319999999999996,-3.77735621683,-10.9477131808,24.9614849671,5.83977631337,0.163274398998,0.0,-2.83098346875,-8.65232435064,4.09881118835,-0.164396562357,0.0902168080568,0.0,475.64219233600426,475.6832353421131,476.0481816964125,475.38917404988916
4.379999999999995,-3.94957539803,-11.4740739433,25.2013865108,5.82983787132,0.168623856164,0.0,-2.91003584417,-8.89406790513,3.89721552731,-0.168249097462,0.0869519490164,0.0,419.75591879191825,419.47953333986305,421.8758625955235,421.5151210617107
4.439999999999993,-4.12746167212,-12.0173276354,25.4334958792,5.81928187285,0.174037297499,0.0,-3.01980991674,-9.21515741421,3.83784056305,-0.199311237481,0.0960709202671,0.0,472.5592737774659,473.2681225132273,474.46727836688274,472.0469737303586
4.499999999999992,-4.31168448716,-12.5792133964,25.6600624209,5.80792682684,0.179899558156,0.0,-3.12129145011,-9.51528258252,3.71272024347,-0.174349160495,0.100783671891,0.0,455.9158965507229,456.30029677905884,453.0406816475706,455.00934354465267
4.559999999999991,-4.50173369349,-13.1584536106,25.8771738402,5.79723835762,0.185654767992,0.0,-3.21405468226,-9.79373227286,3.52313160003,-0.187058480915,0.0837972131815,0.0,435.88570630628595,434.47126674439636,436.7764347574907,435.6833314483326
4.6199999999999894,-4.69725025244,-13.7541893315,26.0818729404,5.78587211461,0.190984741222,0.0,-3.30349165636,-10.0652242891,3.29908626683,-0.194669837708,0.0973640942132,0.0,425.2332575870104,426.40114501439507,426.2832525978939,425.59539544373183
4.679999999999988,-4.89853750469,-14.3672637813,26.2744143809,5.77395487049,0.197400715,0.0,-3.40642534996,-10.3715787818,3.11732080866,-0.207985045518,0.121287562921,0.0,443.76717290580996,445.73701194809036,445.2255997892416,444.0956366808771
4.739999999999987,-5.10666512138,-15.0003547165,26.4582628708,5.76132172133,0.204268667103,0.0,-3.53149994017,-10.7322367113,3.00844065312,-0.216246282439,0.0951414505852,0.0,476.11244754753847,474.11759673220917,475.3128865894254,474.63848272263164
4.799999999999986,-5.32213747428,-15.6547229649,26.6341604774,5.74788898651,0.210198106341,0.0,-3.65114136383,-11.0809174559,2.85248517271,-0.246972013736,0.105320333993,0.0,463.7103710111655,464.5174487809255,466.02533065658065,463.56792069417844
4.859999999999984,-5.54469743127,-16.3298607272,26.7996598698,5.732823317,0.217399849401,0.0,-3.76779352888,-11.4245893885,2.66175089358,-0.260946888196,0.139620594063,0.0,455.86318954639796,458.60869400592907,458.9578388277852,457.78541412068853
4.919999999999983,-5.77438122726,-17.0259516886,26.9534577652,5.71722036096,0.225745955375,0.0,-3.8886591182,-11.7792917075,2.46218249746,-0.258315626928,0.138044617622,0.0,460.29768988446136,460.1901313106764,461.2789965040847,461.42148783981196
4.979999999999982,-6.0112327633,-17.7431509801,27.0941999025,5.70172543802,0.234105233622,0.0,-4.00669885077,-12.1282311713,2.22667090276,-0.258115521495,0.141756987501,0.0,453.98940352110066,454.3048371529971,454.0894173269527,454.03995751947195
5.0399999999999805,-6.25576106913,-18.4826878242,27.2221402931,5.68604996563,0.243076202764,0.0,-4.14449505611,-12.5236415265,2.03473996166,-0.268410436802,0.161702855622,0.0,476.1052697758152,477.6484931576166,477.5697953244035,476.7198081053892
