episode,rewards_total
1,4.38054644533
2,4.38415291501
3,4.34969330319
4,6.73055682006
5,12.4205623893
6,12.8565268839
7,1.99970462568
8,6.55843112417
9,10.5248892474
10,0.865213262029
11,6.82184239407
12,7.3318530369
13,19.2817229583
14,10.4645871091
15,-4.66364143636
16,11.9370486442
17,14.7335551379
18,3.62963395302
19,2.94632694221
20,4.67216558973
21,-0.693767439996
22,9.74654296711
23,7.58082093911
24,7.21220100014
25,9.12012659663
26,10.5576459333
27,2.54397906469
28,-0.631382621716
29,4.92952432297
30,15.7960636637
31,4.82338966424
32,2.99170138575
33,0.406989188496
34,-0.522662617681
35,4.28554725219
36,5.0059510161
37,6.93832985308
38,11.6845971065
39,13.5721115937
40,12.8976509793
41,13.2472475848
42,14.2127283631
43,-1.57995678833
44,-3.87544657991
45,-0.0852533415353
46,-2.53839442807
47,-3.43053681599
48,-3.55987529972
49,-3.70902474224
50,-3.97252065494
51,-0.263582171006
52,8.00826798153
53,3.64500378392
54,2.93812522604
55,-0.934988309689
56,4.28367710889
57,9.91109564069
58,3.07581781541
59,14.5081889856
60,6.60533625773
61,8.40408905797
62,18.127719358
63,2.09027204803
64,-4.90570977916
65,8.17074695749
66,3.93691817198
67,6.37080128025
68,9.11749689793
69,5.81654764439
70,7.06779569732
71,5.35208346924
72,5.10663365005
73,7.55240354333
74,5.55779340009
75,4.96722580545
76,6.99654163859
77,10.3299400842
78,8.18516674683
79,10.6565320707
80,13.0131141804
81,13.5135627564
82,7.4021093288
83,-3.93906635526
84,-4.16476831529
85,1.51023330757
86,1.37117244955
87,-0.00997400138108
88,-1.34762619167
89,4.45392692881
90,-0.766718223328
91,-6.67070639001
92,7.78641340127
93,10.3944757773
94,-4.29940607373
95,-33.8321393356
96,-150.841926646
97,9.3241053639
98,-21.7835765556
99,7.95617516938
100,9.60668839017
101,-17.6676426576
102,-137.252213679
103,3.99063496653
104,7.62741558037
105,1.49242680176
106,1.27244375132
107,0.943480415354
108,-41.7195932831
109,12.8862340362
110,6.30273729503
111,4.04863083262
112,2.69862217159
113,12.0866156016
114,-7.80028122846
115,18.0022407299
116,12.8644488312
117,3.46105404732
118,0.498441482954
119,4.96735495622
120,4.24475336728
121,13.9553672867
122,13.1338096478
123,13.6285738242
124,13.6755448413
125,13.4382529962
126,13.2482173289
127,13.4357172193
128,13.493665746
129,13.8123415184
130,13.2946715361
131,13.5654716982
132,13.8886449409
133,13.0891027082
134,13.7549991826
135,13.4583493611
136,13.7461352119
137,14.0157977381
138,13.2813608613
139,13.7985328568
140,13.5348666657
141,13.706715162
142,13.7047388433
143,13.7156530275
144,13.3212788925
145,13.747877274
146,13.6138972325
147,13.7180305035
148,13.7012249089
149,13.8539793599
150,13.1814097233
151,12.9171792566
152,13.626951704
153,13.3354962339
154,13.6888618392
155,13.8311000077
156,13.7028797494
157,13.8122734107
158,13.8696807234
159,14.0304129136
160,13.8224422772
161,13.864164401
162,13.2440347611
163,13.3430309477
164,13.7712255712
165,14.3108037637
166,13.2995702987
167,13.7393284275
168,13.1643081329
169,13.1269459566
170,13.5542269689
171,13.3633524277
172,13.3944404156
173,14.2335378819
174,13.8721796563
175,13.7106666907
176,14.1716420035
177,13.0391219215
178,13.9483506175
179,2.51893022338
180,19.1097793951
181,33.3305143637
182,9.00252922996
183,17.1755841465
184,-2.54923827457
185,9.35204199319
186,-3.96284241695
187,-3.28008976242
188,-0.937907282503
189,3.09804108674
190,-2.25489172886
191,7.42089593887
192,6.21091725212
193,3.0960787949
194,-3.73553181059
195,5.86945651582
196,4.8287778012
197,11.5262494028
198,-65.2297946502
199,4.1673867159
200,-9.67356656489
201,-14.2566272835
202,8.48103682243
203,-8.73156234268
204,5.05351032164
205,11.3157211322
206,-5.74712068131
207,-3.63644026949
208,-0.88064791043
209,1.69220222749
210,37.5004349492
211,-8.25246027167
212,-34.6793658888
213,-171.217831185
214,-181.095314658
215,-1.3888245737
216,5.05515880239
217,22.6643857439
218,-3.91018178522
219,8.10794624832
220,0.023131614646
221,-0.529774545865
222,-3.73528259581
223,1.38154077712
224,-171.819665357
225,-171.422596416
226,-129.799941802
227,-171.928583875
228,-128.333264903
229,-171.849260251
230,-171.453537649
231,-35.9305092682
232,-188.591300434
233,-3.77174041719
234,-1.37034496471
235,22.9211522447
236,-0.905014414352
237,-1.19569746008
238,-2.29612700372
239,-2.87011760879
240,-3.10380009145
241,-0.876935067956
242,-3.13078013222
243,-3.16477541965
244,-2.0905480254
245,-3.04138015015
246,12.6618840886
247,-4.82993275403
248,-2.86721379087
249,-1.34488410085
250,-1.02696374136
251,-3.18717820292
252,-3.39433228059
253,-3.0480576004
254,-2.42077307147
255,-2.49856314096
256,-2.46935460537
257,-1.64615415061
258,-1.50747680621
259,-1.70771576774
260,-3.99934349165
261,-1.47167561488
262,-3.5565766387
263,-2.82734212294
264,-3.00961264457
265,-2.26391874202
266,-3.7071439518
267,-2.51689117925
268,-1.79568282903
269,-1.42237452293
270,-2.94594185868
271,-2.33662554176
272,-1.97481194429
273,-2.69581424296
274,-2.92228037961
275,-3.4427995999
276,-2.62464547335
277,-2.44265022326
278,-1.71305148392
279,-3.38972912615
280,-1.85215402155
281,-2.73149316012
282,-2.52233790934
283,-2.50100190924
284,-2.20796581087
285,-2.33996110411
286,-3.21933012695
287,-1.1626302773
288,-2.67201436469
289,-2.51413445768
290,-1.68740191016
291,-2.4076593969
292,-2.41195512251
293,-1.35917070355
294,-2.83336770655
295,-2.43294118593
296,2.36425477947
297,-203.06577901
298,-202.978757596
299,-203.055910396
300,-202.966118264
301,-2.35798617006
302,-1.96082463476
303,-2.41216406105
304,-1.85847905333
305,-1.89314143621
306,-1.63440153374
307,-2.46782507462
308,-3.26900435482
309,-2.53723732018
310,-2.07258082749
311,-1.47927092361
312,-2.54447453526
313,-3.39521968487
314,-2.72400813311
315,-2.95250925536
316,-2.48195865416
317,-0.97407015082
318,-2.93693500216
319,-1.98146114769
320,-2.74894017585
321,-3.42970724787
322,-2.63541879546
323,-2.31449175443
324,-3.74873931723
325,-2.202434613
326,-2.77577444696
327,-2.95929778078
328,-3.03763426883
329,-2.65958609411
330,-3.48346574315
331,1.25037476627
332,-11.1668253431
333,-90.9011424858
334,-93.76764145
335,-142.95882703
336,-132.032099812
337,-140.200476701
338,-141.061736961
339,-142.48144848
340,-138.735914735
341,-142.517191183
342,-140.089734364
343,-136.580869946
344,-139.978927979
345,-132.98729985
346,-131.171625963
347,-141.920038927
348,-132.360930479
349,-142.019804665
350,-134.196308017
351,-143.075713943
352,-134.942942749
353,-138.493157734
354,-142.166657389
355,7.48893331947
356,-84.581402053
357,-157.734674059
358,0.247977274326
359,0.215528291163
360,3.38145229853
361,-139.201466382
362,-142.711054803
363,-137.49922
364,1.15143671332
365,-130.325171009
366,-136.30256544
367,-130.913796443
368,-137.566934244
369,-140.010839729
370,9.57178037856
371,-10.4384010052
372,11.2913093692
373,-3.20054123892
374,1.40322713186
375,3.08669610555
376,-4.46496809567
377,-4.73541396025
378,2.65731391993
379,0.740831063703
380,-24.6588601989
381,3.15781568034
382,-23.6357680349
383,18.298261103
384,-4.75356638107
385,-21.7387681077
386,4.88021451149
387,-3.57266714595
388,7.86813510675
389,-0.617349468756
390,5.89423884636
391,-4.92305177367
392,7.23529195792
393,2.02871008997
394,-113.97454534
395,-8.79291558088
396,1.01485596945
397,6.79311285629
398,4.64858879828
399,-4.12479545392
400,13.5785287484
401,-18.6250846727
402,17.831777816
403,6.91216145199
404,-25.4241880459
405,-0.0068333014632
406,1.34735432868
407,-7.3403888298
408,-4.10061475102
409,6.22941716096
410,-0.762473433695
411,3.20838489561
412,2.67102150655
413,-3.50027528877
414,3.69889449437
415,13.6598701998
416,4.23670217627
417,0.74112941385
418,1.04173377457
419,1.02476377576
420,1.51102751743
421,0.439579674678
422,-1.83228408815
423,-2.97790932577
424,-1.90399453539
425,-2.25756155315
426,-3.20653696236
427,-1.86933157821
428,-1.21632878717
429,-1.81239601807
430,-9.13877713855
431,6.79516020989
432,6.8141125491
433,1.69578243528
434,-7.34900894668
435,6.47083704013
436,0.963015388309
437,2.41516541964
438,-2.63407515712
439,0.685715754339
440,0.99153455378
441,-0.340992192899
442,-14.8507385482
443,-4.11399179178
444,-10.1878441084
445,-12.623104715
446,0.684288744653
447,0.99877606588
448,9.0588679784
449,6.64180761767
450,6.1332089991
451,3.0036085589
452,-5.28215289868
453,-2.80744284809
454,3.19547439935
455,-137.945958527
456,-1.76414626357
457,-33.8137075481
458,-126.894144222
459,-133.389846246
460,-134.070754449
461,-1.30000107359
462,7.18981864031
463,-54.9424820768
464,-2.81369018176
465,3.04328416165
466,0.109675345708
467,3.02420356065
468,-0.988179302612
469,-132.021206915
470,-147.867876794
471,-134.391779422
472,-138.846115323
473,-146.349188472
474,3.44795639316
475,-4.49528535375
476,2.06696605416
477,8.33685008004
478,7.08065363319
479,-102.194578601
480,0.747645276841
481,0.922840015558
482,0.909971841246
483,3.57809328694
484,0.841272791035
485,0.91565678976
486,-2.38990655266
487,-4.10353283031
488,-5.58507242958
489,8.94392769283
490,-140.674466782
491,-106.653421006
492,-146.144156302
493,-9.596329838
494,9.66056061281
495,17.753114221
496,7.73536710647
497,-0.88784801534
498,-137.442364516
499,-132.869447447
500,-137.618926134
501,-138.244212596
502,-139.709504642
503,-134.41900038
504,-139.676134724
505,-143.68870361
506,-139.428419511
507,-132.114647521
508,-139.019880295
509,-133.016570403
510,-137.093480052
511,-137.870502898
512,-132.665567489
513,-135.854554276
514,-138.984721299
515,-141.703432613
516,-142.565784409
517,-134.191671391
518,-134.095211594
519,-135.414119363
520,-132.826138152
521,-135.68469201
522,-132.694599937
523,-135.032741959
524,-134.298833188
525,-140.680977269
526,-139.805171097
527,-141.585125631
528,-141.06902325
529,-139.7789945
530,-131.624466699
531,-139.78265064
532,-135.912406683
533,-146.388367118
534,-133.080553476
535,-136.962179218
536,-141.733325547
537,-145.888576677
538,-139.289649796
539,-138.446298986
540,-131.040477936
541,-139.410368545
542,-136.17230415
543,-136.171260374
544,-144.092197824
545,-135.003543188
546,-131.614727328
547,-131.853353283
548,-135.257525642
549,-137.816821528
550,-132.390045769
551,-140.736104372
552,-134.677257835
553,-134.237055824
554,-133.725101819
555,-140.615692305
556,-129.823674261
557,-135.265181973
558,-137.371960677
559,-146.704310549
560,-139.872581433
561,-131.121189239
562,-138.262626116
563,-139.474071682
564,-138.353082699
565,-143.686074405
566,-145.846618341
567,-131.949959669
568,-136.534166484
569,-130.921532792
570,-142.210259447
571,-132.155969848
572,-135.447589786
573,-140.325744422
574,-141.778063432
575,-135.710165986
576,-137.069825262
577,-133.32408783
578,-136.420603693
579,-136.99073042
580,-138.538513747
581,-134.294274068
582,-134.359409967
583,-136.023631073
584,-134.885959825
585,-141.349012906
586,-143.632719344
587,-132.597068147
588,-138.61975219
589,-140.465619369
590,-132.996862174
591,-144.212472646
592,-137.894742026
593,-132.503029296
594,-139.078722113
595,-132.219513903
596,-132.636168553
597,-138.956306555
598,-136.515427989
599,-139.765251126
600,-134.007357032
601,-134.814862777
602,-140.332299751
603,-139.924777166
604,-145.242126876
605,-133.133475208
606,-132.43256044
607,-131.906447687
608,-143.815714278
609,-136.210121212
610,-131.788489608
611,-137.896873111
612,-142.36825525
613,-142.553969073
614,-133.68340824
615,-141.23148758
616,-140.784860491
617,-139.32139513
618,-133.973690219
619,-135.31447183
620,-136.713602217
621,-125.254884895
622,5.40725868001
623,1.93129196527
624,-14.9947454985
625,7.98692719219
626,7.77506117493
627,5.74287290382
628,10.0994626461
629,4.59287508292
630,13.6850619449
631,-20.7787066724
632,-1.05178261993
633,-1.16057127646
634,-7.78857922861
635,4.35058890705
636,-135.907241649
637,9.17695529799
638,1.39907006759
639,-10.5491499277
640,-5.70823465422
641,-39.0574996856
642,-20.5840263977
643,-3.69087263391
644,-2.00482298435
645,7.7569367784
646,10.6172611675
647,10.5878346429
648,8.74940380307
649,8.90019637541
650,6.75575910502
651,-20.6764061607
652,-26.2225618028
653,-0.391926408387
654,14.2508453223
655,14.8816111867
656,14.873454049
657,1.50983062788
658,-4.42120048268
659,9.22318672296
660,4.98627679599
661,-0.128209808582
662,6.21520644007
663,8.40128289937
664,7.02934573626
665,5.21113607904
666,10.5503961014
667,11.3172936135
668,9.64624094599
669,8.78243260456
670,16.2778415471
671,5.48195397928
672,-9.35012210447
673,20.3939069531
674,13.6760929946
675,-19.3863164518
676,-63.9723601492
677,-19.8385975741
678,-51.3339113187
679,-62.0686180251
680,-202.308583216
681,-203.002457464
682,-207.472571447
683,-25.8852356808
684,-60.9007894122
685,-65.346963575
686,-93.7913216141
687,-132.647122665
688,-203.04567365
689,-203.090615313
690,-203.228622316
691,-203.158562751
692,1.96552492763
693,20.7448413455
694,20.813719558
695,19.5836836893
696,21.0219395499
697,19.9408476784
698,20.5118655512
699,20.3319466736
700,19.9202334544
701,20.9562766473
702,20.7029686163
703,20.8105095942
704,20.2526259727
705,20.12402754
706,20.5432089996
707,20.5455106666
708,8.18195620658
709,20.3369502074
710,23.8056403928
711,19.7724414234
712,19.422865872
713,23.8056439902
714,20.0880644183
715,18.366777538
716,11.8499136907
717,6.80205332491
718,20.3616497064
719,9.53625793384
720,19.9943099667
721,7.88461009403
722,6.51506418372
723,20.474440648
724,20.0946187792
725,11.023692078
726,23.8056158869
727,19.7108419864
728,10.5419759473
729,10.8559109559
730,10.9229622576
731,18.4214286464
732,10.8239065456
733,20.8387032657
734,19.8097881278
735,20.0891224031
736,20.3845523313
737,18.6516339642
738,10.7470999965
739,19.755524348
740,20.1319672041
741,20.670769984
742,3.99409394375
743,20.4703693014
744,19.541888804
745,20.8763461676
746,6.30058336703
747,11.0054740453
748,20.6787156356
749,18.9979907732
750,12.8989933005
751,17.3723544587
752,20.2666105353
753,7.07942120344
754,10.9823929196
755,8.60243227624
756,20.2230960596
757,11.2894780802
758,19.7977381282
759,20.2711011152
760,7.05449147011
761,12.0824564569
762,19.6376114856
763,20.4644535793
764,10.9022566213
765,23.8056390798
766,19.7885437262
767,7.95047591019
768,21.2540836913
769,23.8056416678
770,20.0768017349
771,11.0572895632
772,20.6856761543
773,20.6549320766
774,6.36184448773
775,20.1918167115
776,5.26212906165
777,11.5342269366
778,19.3446780003
779,20.6443452762
780,5.36247717951
781,23.8056273083
782,2.49872720088
783,9.42437819098
784,18.5911741496
785,2.15763841946
786,23.8056465703
787,2.3504997984
788,23.0497251329
789,20.8811265054
790,13.3455507048
791,0.665453499043
792,20.1357541778
793,10.4316784475
794,25.6506241562
795,16.4256607988
796,23.8056395173
797,20.5118212198
798,23.8056287126
799,21.2543058636
800,23.8056357398
801,23.8056422096
802,-4.15583157405
803,8.63136980339
804,-4.88755293034
805,21.2379785739
806,-4.14884146899
807,21.1399135205
808,23.8056349246
809,23.8056408964
810,3.36463324514
811,8.55278407047
812,6.34668039378
813,-4.73528844662
814,23.8056407401
815,5.78554130406
816,5.78819600129
817,4.17683001889
818,12.6709781213
819,23.8056639873
820,23.8056448788
821,23.8056366777
822,23.8056353703
823,1.19660350768
824,0.679942945676
825,17.9276812975
826,-1.73479468928
827,-1.26458343213
828,23.8056350798
829,0.670175247291
830,10.3672267098
831,12.7229300258
832,23.805640218
833,8.97404267094
834,-6.96367196365
835,20.9259113596
836,-18.8112502763
837,-65.649992968
838,20.9220881257
839,-51.0034239296
840,-25.7004895279
841,23.8056070701
842,11.0035814935
843,11.0421686296
844,11.0400486442
845,11.0300601039
846,23.8056630755
847,11.097849861
848,11.124777642
849,11.0316594929
850,23.8056436041
851,23.8056364101
852,23.8056530757
853,7.67071170841
854,23.805650154
855,12.6655241682
856,6.06011674095
857,11.7307526425
858,6.03342920753
859,23.8056219573
860,3.25875933868
861,6.64719693746
862,5.95201313393
863,6.1100670794
864,5.8971876608
865,23.805649856
866,3.05980477606
867,23.8056423676
868,8.39343482524
869,5.99110626699
870,3.38960712933
871,20.9180048027
872,5.6779064398
873,5.99034538841
874,18.6733197911
875,14.0539245626
876,5.57685294692
877,23.8056484701
878,3.14490081263
879,17.3699355779
880,23.8056372809
881,-72.7495551545
882,-15.0125628849
883,-53.4490058621
884,-125.455479208
885,-37.3450136403
886,-50.0515821095
887,-30.1966621184
888,-52.2938288616
889,-29.6407655747
890,23.8056387173
891,-61.0038849094
892,-10.7190511774
893,-25.8832815675
894,-45.6204392454
895,-57.9386851042
896,23.8056405252
897,-49.8351002035
898,11.8220008412
899,23.8056484641
900,-54.947647307
901,23.8056418313
902,-83.637277397
903,23.8056384445
904,16.3609354566
905,15.2816394007
906,16.1075848199
907,-6.59447212558
908,-2.6323676196
909,-2.38476387907
910,20.9466306484
911,-0.679555323558
912,-4.74053666402
913,-7.25463822082
914,15.7172746957
915,-6.61700400624
916,-5.30062958018
917,16.0445836273
918,-4.96440067588
919,-4.8504912929
920,-2.43708558709
921,2.76868560769
922,21.070898245
923,-4.88762632045
924,16.2353014858
925,16.0794301831
926,-3.32348957666
927,4.77165318175
928,-7.20471288707
929,13.0817358691
930,7.64273734114
931,-4.86411524332
932,14.6115756735
933,-3.50914400076
934,-6.93733118594
935,-5.24643962623
936,16.5062741668
937,-2.55635711215
938,-4.97521874755
939,-7.4668228279
940,-2.39974301409
941,15.4621446062
942,16.2739764861
943,-4.78956999066
944,-5.19823179058
945,-7.33367113768
946,-6.61899535271
947,-2.842156912
948,6.72555566783
949,-7.31824697538
950,-4.79835818542
951,-5.02060030499
952,16.4155926346
953,21.7102784024
954,4.12062591582
955,6.22283155996
956,5.97672540339
957,6.11295757111
958,3.83713718752
959,5.81900569179
960,6.35139190106
961,6.04709540918
962,3.2280318649
963,6.25459046429
964,6.15200202364
965,5.96383970324
966,3.71978853973
967,3.43148333335
968,5.64408999949
969,5.95134825139
970,3.50100277146
971,3.79255732063
972,5.672743742
973,8.62886178138
974,12.8221172926
975,5.92470159294
976,-122.747657918
977,-114.475665509
978,-123.97183581
979,-116.783016182
980,-128.477420583
981,-125.625023145
982,-121.089897227
983,-115.708281367
984,-115.598771893
985,-127.616856505
986,-117.610106725
987,-118.363986303
988,-116.931163412
989,-130.633528316
990,-129.197640946
991,-127.835994959
992,-131.178704191
993,-109.663328788
994,-128.410459923
995,-120.61981936
996,-107.877122225
997,-108.483039192
998,23.8056386274
999,23.8056313052
1000,23.8056342176
